500 1500 4
1 159
1 342
2 224
2 275
2 429
3 41
3 436
3 499
4 172
5 262
5 330
5 352
6 89
6 157
6 212
6 275
7 128
7 258
7 352
7 427
8 245
8 308
8 311
8 316
9 17
9 78
9 130
9 151
9 153
9 174
9 296
9 311
9 409
10 11
10 26
10 211
10 499
11 171
11 276
11 319
11 357
12 160
12 188
12 226
12 438
13 133
13 264
14 438
14 473
15 44
15 53
15 265
16 170
16 199
16 279
16 434
17 90
17 474
18 52
18 122
18 177
18 375
19 149
19 286
19 459
20 46
20 162
20 453
20 495
21 84
21 97
21 200
21 289
21 355
21 381
22 10
22 70
22 417
22 422
23 440
24 31
24 105
24 161
24 223
25 13
25 73
25 193
25 320
26 69
26 96
26 174
26 296
27 25
27 141
27 292
28 295
28 423
28 462
29 288
29 313
29 401
30 185
30 492
31 104
31 177
31 197
31 438
32 76
32 267
32 333
32 428
33 69
34 169
35 19
35 80
36 49
36 112
36 159
36 198
36 495
37 83
37 89
37 433
37 488
37 491
38 47
38 492
39 181
39 470
40 202
40 265
41 490
42 45
42 59
42 103
42 391
43 4
43 268
43 309
44 298
45 24
45 230
46 48
46 58
46 353
46 432
47 303
48 45
48 118
48 305
48 463
49 425
50 65
51 99
51 238
51 322
51 432
52 239
53 101
53 309
53 349
54 143
54 392
54 452
55 134
55 145
55 176
55 257
55 322
55 482
56 71
56 343
57 207
57 360
58 432
58 460
59 24
59 318
59 384
60 67
60 369
60 372
60 461
60 499
61 238
62 127
62 196
63 58
63 68
63 267
63 284
64 352
64 427
64 429
64 494
65 125
65 169
65 399
66 180
66 203
66 479
67 106
67 166
67 344
67 412
67 456
68 152
68 308
68 405
69 23
69 63
69 191
69 416
70 9
70 262
70 281
70 341
71 51
71 189
72 131
72 204
73 446
74 5
74 472
75 349
76 55
76 109
76 142
77 20
77 21
77 349
77 459
78 203
78 221
78 237
78 307
79 106
79 289
79 485
80 26
80 266
81 159
81 341
81 415
81 421
82 25
83 162
83 449
83 483
84 39
84 219
85 35
85 72
85 441
86 371
86 379
86 463
87 179
87 263
87 453
88 291
88 484
89 201
89 243
90 94
90 195
90 256
90 264
90 294
90 399
90 418
91 63
91 304
91 453
91 475
92 26
92 449
93 1
94 10
94 215
94 232
94 443
95 187
95 405
95 492
96 72
96 286
96 420
97 295
97 380
98 81
98 132
98 140
98 205
99 61
99 292
99 300
99 357
99 464
100 80
100 497
101 222
101 365
102 107
102 261
103 129
103 258
103 399
103 431
104 23
104 377
104 491
105 20
105 83
105 96
105 137
105 483
106 58
106 177
106 371
106 422
107 64
107 167
108 199
108 248
108 327
109 75
109 298
110 163
110 181
110 250
110 393
111 81
111 284
111 369
111 411
112 95
112 130
112 288
113 233
114 22
114 278
114 416
114 423
114 430
115 63
115 403
116 279
116 280
116 373
116 474
117 171
117 172
117 408
118 242
118 450
119 58
120 105
121 68
121 97
121 383
121 393
121 473
121 481
122 104
122 162
122 248
123 184
124 196
124 351
124 353
125 293
125 297
125 315
126 73
126 424
127 136
128 27
128 131
128 155
128 463
129 102
129 138
129 142
129 476
130 300
131 102
131 391
131 471
131 480
132 91
132 106
132 404
133 136
133 233
133 488
134 128
134 324
135 34
135 462
135 484
136 23
136 119
136 141
136 203
136 377
137 164
137 345
138 50
138 240
139 429
139 491
140 46
140 222
140 456
140 493
141 235
141 421
141 428
141 482
142 79
142 355
142 382
143 79
143 83
143 153
143 172
143 246
143 277
143 342
144 6
144 110
144 203
144 464
145 389
145 399
146 72
146 270
146 283
146 475
147 70
147 94
148 20
148 49
148 65
148 221
148 374
148 454
149 170
149 213
149 259
149 454
150 340
150 428
150 492
151 71
151 123
151 298
152 390
153 282
153 397
154 175
155 309
155 359
156 15
156 163
156 305
157 196
157 338
157 449
158 91
158 216
158 319
158 373
158 443
158 482
159 109
159 148
159 158
159 230
160 200
160 421
161 135
161 162
162 165
162 244
163 128
164 84
164 242
164 392
165 59
165 91
165 116
166 275
166 283
166 365
167 139
167 255
168 154
168 243
168 331
168 345
168 354
169 251
169 352
170 11
170 183
171 126
171 337
171 432
171 470
172 77
172 93
172 113
173 348
173 400
174 436
174 445
175 120
175 176
175 193
175 222
176 4
176 79
176 122
176 311
176 366
176 428
176 484
177 232
178 175
178 482
179 342
179 454
180 174
180 190
181 178
181 192
182 261
183 420
184 428
184 487
185 165
185 189
185 199
186 335
186 387
187 52
187 57
188 304
188 326
188 336
188 378
188 492
189 197
190 273
191 219
191 421
191 498
192 53
192 115
192 235
192 359
192 403
192 460
193 89
193 165
193 185
194 189
194 429
195 14
195 98
195 460
196 111
196 254
196 370
197 208
197 286
197 491
198 97
198 126
198 270
199 154
199 215
199 385
199 392
199 463
200 15
200 144
200 228
201 128
201 179
201 204
201 212
201 288
202 269
202 407
203 124
203 173
203 296
204 13
204 486
205 86
205 267
205 371
206 33
206 340
206 397
207 98
207 172
207 299
208 116
208 339
208 342
208 466
208 471
209 68
209 149
210 372
211 229
211 468
212 66
213 289
213 344
213 369
213 379
214 55
214 90
214 192
215 338
215 403
215 436
216 21
216 102
216 132
216 323
217 166
217 193
217 259
218 111
218 239
218 319
218 365
219 29
219 230
219 328
219 333
220 52
221 65
221 294
221 440
222 19
222 191
223 43
223 188
223 304
223 435
224 145
225 135
225 309
225 491
226 4
226 35
226 102
226 340
226 437
227 242
227 495
228 161
228 215
228 316
228 397
229 47
229 100
229 295
230 140
230 182
230 199
230 246
230 404
231 303
231 418
232 34
232 283
232 477
233 47
233 333
234 56
234 73
234 176
234 271
235 52
235 104
235 112
235 145
235 161
235 297
236 96
236 284
236 384
237 66
237 277
237 423
237 470
238 218
239 179
239 293
239 408
240 167
240 243
240 425
241 46
241 82
241 102
241 150
242 8
242 62
242 373
242 377
242 472
243 64
243 167
243 267
243 325
243 412
244 132
244 142
244 174
244 226
245 43
245 46
245 354
246 266
246 319
246 340
246 350
246 448
247 113
247 270
247 312
248 117
248 237
248 265
248 308
248 313
249 106
249 314
250 49
250 212
250 428
251 118
252 7
252 243
252 389
253 114
253 468
254 136
254 483
255 428
255 470
256 438
257 138
257 165
257 415
258 112
258 384
259 3
259 39
259 130
259 177
260 35
260 201
260 500
261 279
261 417
261 492
262 396
263 6
263 186
264 230
264 494
265 159
265 245
265 322
265 361
265 444
266 38
266 134
266 389
267 9
267 207
267 210
267 211
268 13
268 14
268 98
268 110
268 398
269 198
269 435
269 462
270 61
270 140
270 317
271 15
271 86
271 392
272 168
272 329
273 457
274 74
274 465
275 271
276 14
276 159
276 195
276 380
277 206
277 368
278 186
278 221
278 401
279 253
280 157
280 237
281 313
281 358
282 28
283 5
283 17
283 289
284 210
284 268
284 290
285 22
285 199
285 469
286 41
286 178
286 206
286 209
286 290
287 209
287 481
288 250
288 267
288 419
288 432
288 442
289 129
289 157
289 271
289 316
289 473
290 1
290 200
290 347
290 500
291 292
291 315
291 496
292 281
292 471
293 37
293 74
293 192
294 151
294 389
295 333
295 394
295 492
296 115
296 201
297 410
298 346
299 250
300 19
300 157
300 217
300 443
301 32
301 250
302 123
303 15
303 344
303 367
304 205
304 333
304 353
304 362
304 399
304 485
305 44
305 144
305 150
306 21
306 146
307 223
307 355
308 8
308 87
308 267
309 141
309 355
309 477
310 147
311 22
311 100
311 142
311 236
312 72
312 236
312 260
313 374
314 10
314 98
314 218
314 261
314 410
315 20
315 158
315 220
315 321
315 498
316 145
316 336
317 84
317 173
317 394
317 488
318 143
318 279
318 301
319 12
320 180
320 196
320 325
320 493
321 80
321 165
321 323
321 336
321 339
321 356
321 460
322 279
322 332
322 388
323 51
323 237
323 415
324 389
325 129
325 171
325 447
326 2
326 112
326 196
326 381
327 40
327 133
327 228
327 287
328 94
328 138
328 271
328 326
328 456
328 473
329 287
329 378
330 278
330 302
331 142
331 258
331 295
331 376
332 111
332 284
332 471
332 484
333 274
333 315
334 133
334 187
334 275
334 346
334 495
335 334
335 361
336 262
336 454
337 61
337 147
337 227
337 482
338 57
338 348
339 140
339 301
340 41
340 262
340 484
341 91
341 118
341 151
341 434
341 447
342 52
342 92
342 294
342 362
342 396
343 79
343 315
343 333
344 198
345 241
345 496
346 73
346 85
346 108
346 379
346 384
346 465
347 37
347 181
347 485
348 139
348 234
348 279
349 16
349 77
349 291
350 4
351 119
351 173
351 373
351 409
351 425
351 449
352 130
352 363
352 425
352 489
353 279
354 156
354 189
354 226
355 287
355 376
355 382
355 443
356 121
356 129
357 278
357 406
358 153
358 263
358 283
358 395
358 492
359 23
359 422
360 55
360 137
360 416
361 385
362 464
363 108
363 302
363 481
364 60
364 158
364 342
364 389
365 180
365 214
365 218
365 259
365 364
366 26
366 126
366 183
367 200
368 4
368 21
368 56
368 99
368 190
368 252
368 349
368 431
369 179
369 461
370 276
370 336
371 298
371 312
372 184
372 205
372 332
372 475
373 83
373 238
373 382
373 391
373 445
373 446
373 499
374 166
374 364
375 151
375 190
375 221
376 208
376 245
376 424
377 145
377 272
378 191
378 251
378 304
378 374
379 311
379 321
380 11
380 144
381 51
381 240
382 242
382 426
383 90
383 186
383 254
383 279
384 86
384 245
384 256
385 6
385 49
385 330
386 189
386 204
386 265
386 321
386 476
387 35
387 48
387 206
387 351
387 428
388 122
389 82
389 185
389 262
390 167
390 387
391 7
391 101
391 304
392 146
392 254
392 327
393 220
393 236
393 409
394 79
394 366
394 388
395 7
395 208
395 418
395 423
396 167
396 267
396 314
396 332
397 9
397 246
398 84
398 97
398 448
399 200
399 225
399 265
400 164
400 176
400 335
401 149
401 190
401 350
401 455
402 27
402 132
402 247
402 418
402 497
403 89
403 480
404 334
405 101
405 422
406 8
407 139
407 225
407 492
408 134
408 161
408 428
408 438
409 146
409 269
409 343
409 447
410 11
410 151
410 197
410 207
410 254
410 440
411 45
411 121
411 162
411 169
411 317
411 404
412 274
412 386
412 437
413 77
414 292
414 373
415 254
415 350
415 444
416 54
416 173
416 489
417 256
417 409
418 162
418 193
418 218
418 365
419 81
419 397
420 109
420 117
420 242
420 398
420 454
420 478
421 273
421 345
421 414
421 439
422 121
422 148
422 345
423 93
423 219
423 260
423 420
424 307
424 478
425 443
426 468
426 474
427 378
427 395
428 5
428 206
429 365
429 434
429 476
430 148
431 263
431 269
432 23
432 26
432 76
432 241
432 285
432 441
433 117
433 147
433 366
433 397
434 194
434 242
434 407
435 105
435 153
435 249
435 399
436 6
436 116
437 184
437 231
438 413
439 114
439 155
439 274
440 363
440 364
440 368
440 458
441 63
441 474
442 43
443 69
443 141
443 273
443 387
443 466
444 14
444 38
444 169
444 175
444 214
445 301
446 411
446 450
447 36
447 51
447 255
447 321
448 57
448 154
448 300
448 490
449 260
449 273
449 465
450 194
450 488
451 278
451 466
452 5
452 164
453 6
453 30
453 185
453 285
453 336
454 252
454 260
454 345
455 88
455 285
455 306
456 29
456 117
456 460
457 130
457 135
458 287
458 342
458 376
458 467
459 55
459 87
459 147
459 233
459 300
460 109
460 210
460 316
461 134
461 138
461 423
461 427
462 193
462 463
463 15
463 261
463 354
464 42
464 101
464 270
464 314
465 199
465 293
465 470
466 72
467 172
467 290
468 90
468 160
468 297
469 173
469 376
469 449
470 192
471 176
471 273
471 386
472 38
472 290
472 313
473 433
473 449
474 20
474 255
474 320
474 479
475 102
475 153
475 165
475 328
475 406
475 421
475 442
476 88
476 108
476 383
477 17
477 228
477 255
477 398
478 209
478 227
478 329
479 259
480 94
480 307
480 333
480 468
480 492
481 89
482 211
482 402
483 451
483 454
484 9
484 72
484 83
484 197
484 209
485 178
485 306
486 87
486 124
486 141
486 393
486 458
487 31
487 137
487 220
487 238
488 18
488 226
488 249
488 283
488 498
489 10
489 61
489 84
489 204
490 69
490 135
490 402
491 370
491 417
491 459
491 466
491 473
492 310
492 435
493 64
493 183
493 230
493 378
493 483
494 335
494 465
495 228
495 258
496 357
496 366
496 419
497 2
497 21
497 34
497 257
497 321
497 365
498 123
498 178
498 195
498 203
498 225
499 38
499 99
499 230
500 8
500 30
500 203
500 304